   9.501   56.691 
   2.311   18.015 
   6.068   34.638 
   4.860   28.423 
   8.913   52.197 
   7.621   43.323 
   4.565   27.309 
   0.185   11.319 
   8.214   47.461 
   4.447   26.839 
   6.154   34.791 
   7.919   45.376 
   9.218   54.768 
   7.382   42.299 
   1.763   16.115 
   4.057   25.053 
   9.355   55.796 
   9.169   53.682 
   4.103   25.285 
   8.936   51.983 
   0.579   12.188 
   3.529   22.576 
   8.132   47.259 
   0.099   10.312 
   1.389   15.154 
   2.028   17.548 
   1.987   17.425 
   6.038   34.750 
   2.722   19.547 
   1.988   16.937 
   0.153   10.675 
   7.468   42.789 
   4.451   26.536 
   9.318   55.688 
   4.660   27.890 
   4.186   25.458 
   8.462   49.352 
   5.252   30.229 
   2.026   17.013 
   6.721   38.652 
   8.381   48.739 
   0.196   10.806 
   6.813   39.081 
   3.795   24.000 
   8.318   47.762 
   5.028   29.091 
   7.095   40.496 
   4.289   26.125 
   3.046   20.720 
   1.897   16.693 
   1.934   16.701 
   6.822   38.340 
   3.028   20.304 
   5.417   31.086 
   1.509   14.801 
   6.979   39.591 
   3.784   24.008 
   8.600   49.650 
   8.537   49.153 
   5.936   34.034 
   4.966   29.195 
   8.998   52.389 
   8.216   46.963 
   6.449   36.379 
   8.180   47.290 
   6.602   37.101 
   3.420   22.196 
   2.897   20.406 
   3.412   22.515 
   5.341   31.091 
   7.271   41.029 
   3.093   20.986 
   8.385   48.523 
   5.681   32.456 
   3.704   23.146 
   7.027   40.167 
   5.466   31.717 
   4.449   26.934 
   6.946   39.490 
   6.213   35.453 
   7.948   45.304 
   9.568   57.072 
   5.226   30.552 
   8.801   51.862 
   1.730   15.813 
   9.797   58.651 
   2.714   19.946 
   2.523   18.600 
   8.757   51.463 
   7.373   42.472 
   1.365   14.539 
   0.118   10.593 
   8.939   52.000 
   1.991   16.528 
   2.987   20.761 
   6.614   37.303 
   2.844   20.415 
   4.692   27.485 
   0.648   12.159 
   9.883   60.067 
