   1.9540012e+02
   1.8572068e+02
   1.9616014e+02
   1.9535386e+02
   2.1744663e+02
   2.0780411e+02
   2.0125959e+02
   1.9777452e+02
   2.0169585e+02
   2.0866447e+02
   2.2343371e+02
   2.0457924e+02
   2.0992575e+02
   2.0862321e+02
   2.0744964e+02
   2.1204115e+02
   2.1493186e+02
   2.0289157e+02
   1.9938955e+02
   2.0473154e+02
   2.1259026e+02
   2.1461522e+02
   1.9727195e+02
   2.1224597e+02
   2.0136392e+02
   1.9999738e+02
   2.0912260e+02
   2.1281009e+02
   1.9759826e+02
   1.8852897e+02
   2.0303159e+02
   2.0930329e+02
   2.0487114e+02
   2.2005378e+02
   2.0132886e+02
   2.1282187e+02
   1.9736048e+02
   1.9243678e+02
   2.1183059e+02
   1.9130637e+02
   1.9200625e+02
   1.9911311e+02
   1.9016640e+02
   2.1102050e+02
   2.0260051e+02
   1.9264295e+02
   1.9683931e+02
   1.9577408e+02
   2.0458897e+02
   1.8124740e+02
   1.9834770e+02
   1.9160019e+02
   2.0901210e+02
   2.1213956e+02
   2.0784412e+02
   2.0532926e+02
   1.8016991e+02
   2.0669843e+02
   1.9775089e+02
   2.0394957e+02
   2.0342858e+02
   1.9515831e+02
   2.1286032e+02
   2.0918254e+02
   2.0346177e+02
   2.1617074e+02
   2.2327893e+02
   1.9662977e+02
   2.0756027e+02
   1.9694872e+02
   2.1577712e+02
   2.1331932e+02
   2.0316954e+02
   2.0279088e+02
   2.0065424e+02
   2.1749927e+02
   2.0587963e+02
   2.0702945e+02
   1.9633235e+02
   2.1207250e+02
   2.3607372e+02
   2.1232772e+02
   1.9549091e+02
   2.1208838e+02
   1.9540520e+02
   2.1139624e+02
   1.9287823e+02
   2.1695243e+02
   2.2149473e+02
   2.2567006e+02
   2.2416498e+02
   2.0286535e+02
   2.1484581e+02
   2.1951825e+02
   1.9985514e+02
   2.1252364e+02
   2.1839089e+02
   1.9809417e+02
   2.0138208e+02
   2.1874033e+02
   2.1075772e+02
   2.1572543e+02
   2.2442055e+02
   2.1559450e+02
   2.0306892e+02
   2.1860638e+02
   2.0952180e+02
   2.0292761e+02
   2.3194111e+02
   2.1182710e+02
   2.0151545e+02
   2.1713461e+02
   2.2799199e+02
   2.1721921e+02
   2.1904093e+02
   2.1228369e+02
   2.0951970e+02
   2.1964470e+02
   2.0903582e+02
   2.1202885e+02
   2.0613348e+02
   2.0477628e+02
   2.0881368e+02
   1.9962198e+02
   2.1403874e+02
   2.1243484e+02
   2.1083637e+02
   1.8905685e+02
   2.0652716e+02
   2.1409832e+02
   2.1555901e+02
   2.1380534e+02
   2.1154258e+02
   1.9625024e+02
   2.1583495e+02
   2.1152567e+02
   2.1801652e+02
   2.1911530e+02
   2.1210910e+02
   2.1630774e+02
   2.0973727e+02
   2.0979549e+02
   2.0939579e+02
   2.0408352e+02
   2.1594369e+02
   2.2589103e+02
   2.0780400e+02
   2.0880655e+02
   2.2097972e+02
   2.1400580e+02
   2.2909963e+02
   1.9676326e+02
   2.0363343e+02
   2.0631467e+02
   2.3578607e+02
   2.1835098e+02
   2.0968134e+02
   2.1482599e+02
   2.1134802e+02
   2.2411371e+02
   2.1471208e+02
   2.2262805e+02
   2.2157901e+02
   2.1221739e+02
   2.1360027e+02
   2.1622715e+02
   2.0701291e+02
   2.1231002e+02
   2.1392802e+02
   2.0500860e+02
   2.2492031e+02
   2.0401165e+02
   2.0830609e+02
   2.0368177e+02
   2.2592624e+02
   2.0832106e+02
   1.9802504e+02
   2.2342890e+02
   2.2982673e+02
   2.2215721e+02
   2.1682814e+02
   2.0702035e+02
   2.0833884e+02
   2.2867992e+02
   2.2771986e+02
   2.1002754e+02
   2.2447694e+02
   2.1860873e+02
   2.1252654e+02
   2.0810395e+02
   2.1970357e+02
   1.9888757e+02
   2.0183744e+02
   2.3792552e+02
   2.1752195e+02
   2.4456290e+02
   2.1571269e+02
   2.1993639e+02
   2.2777375e+02
   2.1663291e+02
   2.1342844e+02
   2.3294483e+02
   2.1013427e+02
   2.2679090e+02
   2.1372633e+02
   2.2596691e+02
   2.2701213e+02
   2.1042655e+02
   2.2409130e+02
   2.2943715e+02
   2.0856217e+02
   2.2233851e+02
   2.1820317e+02
   2.0660581e+02
   2.1620854e+02
   2.1753102e+02
   2.0858846e+02
   1.9955800e+02
   2.0997632e+02
   2.1897454e+02
   2.0169180e+02
   2.3162106e+02
   2.1339015e+02
   1.9884755e+02
   2.2094140e+02
   2.3466919e+02
   2.2042457e+02
   2.2145778e+02
   2.1978658e+02
   2.2184088e+02
   2.2912283e+02
   2.2235772e+02
   2.2817207e+02
   2.2597729e+02
   2.2277761e+02
   2.2446478e+02
   2.1193290e+02
   2.1260313e+02
   2.2202462e+02
   2.2557723e+02
   2.1328379e+02
   2.3045099e+02
   2.2347001e+02
   2.5004636e+02
   2.2731340e+02
   2.1012947e+02
   2.2715684e+02
   2.2825229e+02
   2.1838548e+02
   2.2546964e+02
   2.1744019e+02
   2.2376993e+02
   2.2790898e+02
   2.3596828e+02
   2.3181445e+02
   1.9773346e+02
   2.2687588e+02
   2.3204979e+02
   2.2366692e+02
   2.3248871e+02
   2.3164397e+02
   2.3678883e+02
   2.3635894e+02
   2.3358713e+02
   2.0755376e+02
   2.1429512e+02
   2.3110155e+02
   2.1467981e+02
   2.1840845e+02
   2.3111084e+02
   2.2433759e+02
   2.3492373e+02
   2.1072391e+02
   2.2896007e+02
   2.0773696e+02
   2.0951513e+02
   2.2677537e+02
   2.2245358e+02
   2.1268855e+02
   2.2114335e+02
   2.1855620e+02
   2.1546899e+02
   2.2671498e+02
   2.0943428e+02
   2.2758028e+02
   2.0435765e+02
   2.3009836e+02
   2.2859879e+02
   2.3273644e+02
   2.1838728e+02
   2.3220583e+02
   2.1466258e+02
   2.3491297e+02
   2.0473280e+02
   2.2862895e+02
   2.1890261e+02
   2.1866720e+02
   2.2779556e+02
   2.2313278e+02
   2.3656278e+02
   2.2570360e+02
   2.3703792e+02
   2.2222172e+02
   2.2753199e+02
   2.3116518e+02
   2.3843943e+02
   2.3368792e+02
   2.2456338e+02
   2.1369128e+02
   2.2071320e+02
   2.3101010e+02
   2.1818568e+02
   2.3112205e+02
   2.3982117e+02
   2.3160167e+02
   2.3051283e+02
   2.3268928e+02
   2.4077207e+02
   2.4315934e+02
   2.1852551e+02
   2.3109845e+02
   2.3488864e+02
   2.2631528e+02
   2.5396846e+02
   2.3767067e+02
   2.2075743e+02
   2.3769741e+02
   2.3680538e+02
   2.3715222e+02
   2.1266322e+02
   2.4542482e+02
   2.1418341e+02
   2.4173915e+02
   2.1971227e+02
   2.3462940e+02
   2.4049715e+02
   2.3863801e+02
   2.3102019e+02
   2.2151296e+02
   2.2963568e+02
   2.2269363e+02
   2.1395773e+02
   2.2168424e+02
   2.3675761e+02
   2.3644964e+02
   2.2675634e+02
   2.3161882e+02
   2.3564023e+02
   2.3296460e+02
   2.3390855e+02
   2.5232845e+02
   2.0910498e+02
   2.3526802e+02
   2.3465299e+02
   2.3863819e+02
   2.2631522e+02
   2.4095010e+02
   2.3387347e+02
   2.4034120e+02
   2.4180746e+02
   2.4529271e+02
   2.3139238e+02
   2.4557426e+02
   2.3460205e+02
   2.1804294e+02
   2.3084107e+02
   2.2771235e+02
   2.1558679e+02
   2.2858727e+02
   2.2648741e+02
   2.4029199e+02
   2.3696536e+02
   2.4282718e+02
   2.3669000e+02
   2.3244942e+02
   2.3306859e+02
   2.3701816e+02
   2.4576039e+02
   2.4207385e+02
   2.2047076e+02
   2.3555254e+02
   2.3269636e+02
   2.4078132e+02
   2.3210927e+02
   2.4669378e+02
   2.3355993e+02
   2.2115532e+02
   2.5010081e+02
   2.4041020e+02
   2.4162171e+02
   2.2939983e+02
   2.4485236e+02
   2.1431850e+02
   2.4742726e+02
   2.3658022e+02
   2.2068778e+02
   2.2451889e+02
   2.3877968e+02
   2.3897793e+02
   2.2659697e+02
   2.3221272e+02
   2.5089377e+02
   2.3265425e+02
   2.3773702e+02
   2.4538929e+02
   2.4679645e+02
   2.3947225e+02
   2.2204802e+02
   2.2200776e+02
   2.4275927e+02
   2.3137116e+02
   2.4454643e+02
   2.2528050e+02
   2.4361538e+02
   2.4571367e+02
   2.4340519e+02
   2.2918999e+02
   2.3604485e+02
   2.4429127e+02
   2.2419745e+02
   2.3346185e+02
   2.3006397e+02
   2.5078029e+02
   2.5769178e+02
   2.4794504e+02
   2.3355391e+02
   2.4342557e+02
   2.3892078e+02
   2.3241602e+02
   2.4454931e+02
   2.4201579e+02
   2.2951990e+02
   2.3407733e+02
   2.3838118e+02
   2.4788279e+02
   2.2868187e+02
   2.3558680e+02
   2.3685061e+02
   2.5197655e+02
   2.5962223e+02
   2.5621852e+02
   2.5100867e+02
   2.4523783e+02
   2.4257037e+02
   2.2678376e+02
   2.3722332e+02
   2.4112755e+02
   2.4377363e+02
   2.3147066e+02
   2.3497288e+02
   2.4727747e+02
   2.2994398e+02
   2.3407434e+02
   2.4449856e+02
   2.5733953e+02
   2.3148276e+02
   2.4840700e+02
   2.3408326e+02
   2.3899509e+02
   2.3635712e+02
   2.5489172e+02
   2.5101377e+02
   2.2142878e+02
   2.3895724e+02
   2.4813046e+02
   2.2671553e+02
   2.4028400e+02
   2.3847365e+02
   2.4789747e+02
   2.3427518e+02
   2.4375025e+02
   2.3788557e+02
   2.2898645e+02
   2.3927643e+02
   2.3865122e+02
   2.4066649e+02
   2.4016495e+02
   2.2750823e+02
   2.5423542e+02
   2.5682308e+02
   2.4193182e+02
   2.3588021e+02
   2.4550065e+02
   2.3937325e+02
   2.4408734e+02
   2.2565539e+02
   2.5997755e+02
   2.4632108e+02
   2.5038006e+02
   2.5918965e+02
   2.2296325e+02
   2.3630235e+02
   2.4522796e+02
   2.4875367e+02
   2.3791334e+02
   2.4654833e+02
   2.3135533e+02
   2.4176883e+02
   2.4060173e+02
   2.5327551e+02
   2.3818349e+02
   2.3472880e+02
   2.3464941e+02
   2.4632977e+02
   2.3615532e+02
   2.5979763e+02
   2.4959037e+02
   2.4750185e+02
   2.4320587e+02
   2.4810261e+02
   2.5850038e+02
   2.2262351e+02
