40004.197913 2.327400 
40081.010692 2.366288 
40143.259817 2.377349 
40121.835571 2.474153 
40019.246664 2.510468 
39858.000414 2.353629 
39661.255636 2.361662 
39361.725337 2.391318 
38938.782672 2.302190 
38508.764502 2.358438 
38013.850291 2.277085 
37632.730139 2.174042 
37208.344796 2.119372 
36776.658589 2.006545 
36436.460041 2.008209 
36131.312600 1.973696 
35880.002945 1.862224 
35647.410063 1.876678 
35389.481425 1.749507 
35242.136563 1.668617 
35021.948270 1.664736 
34739.900715 1.685815 
34461.107986 1.621685 
34230.183248 1.670631 
33993.635319 1.831092 
33662.922939 1.721636 
33192.876183 1.837191 
32689.952688 1.883218 
32175.138281 1.980287 
31732.590989 2.008951 
31285.809990 1.955370 
30804.566715 2.145077 
30306.507365 2.342413 
29767.490188 2.476430 
29136.457600 2.711528 
28518.395335 2.839632 
27853.788185 2.962194 
27307.673935 3.106240 
26719.948075 3.170341 
26046.188485 3.466983 
25430.340831 3.465495 
24805.031699 3.434242 
24194.088711 3.557009 
23649.325779 3.535761 
23073.063187 3.479193 
22491.970853 3.492504 
21940.746105 3.392389 
21515.699800 3.316005 
21216.282084 3.217707 
20962.540347 3.198008 
