   2.6845954e-01
   2.4232606e-01
   2.5962550e-01
   2.0763282e-01
   3.3586717e-01
   2.5317587e-01
   3.4727756e-01
   2.7018537e-01
   3.0525402e-01
   1.8722824e-01
   2.2965777e-01
   3.3511927e-01
   2.4002348e-01
   3.0740552e-01
   2.6211828e-01
   2.9446137e-01
   2.5464123e-01
   2.8638999e-01
   4.3695145e-01
   4.2173137e-01
   4.2892381e-01
   4.8784062e-01
   6.4408333e-01
   6.8571066e-01
   8.3011771e-01
   9.7087495e-01
   1.1751724e+00
   1.3800340e+00
   1.5355939e+00
   1.8681156e+00
